2) 3.144516  3.141592653589793  1.0009305300631086  786129.0
3) 4.192952  4.188790204786391  1.000993555420573  524119.0
4) 4.936304  4.934802200544679  1.0003043281968131  308519.0
5) 5.267616  5.263789013914325  1.0007270401749688  164613.0
6) 5.15872  5.167712780049969  0.9982598142674093  80605.0
7) 4.720896  4.724765970331401  0.9991809180908214  36882.0
8) 4.084992  4.058712126416768  1.0064749291806594  15957.0
9) 3.355136  3.298508902738706  1.0171674835299906  6553.0
10) 2.577408  2.550164039877345  1.010683218685793  2517.0
11) 1.8432  1.8841038793898994  0.9782900084027507  900.0
12) 1.302528  1.3352627688545893  0.975484399312152  318.0
13) 0.802816  0.9106287547832829  0.8816062481917334  98.0
14) 0.49152  0.5992645293207919  0.8202053950316235  30.0
15) 0.229376  0.38144328082330436  0.6013371096874915  7.0
16) 0.196608  0.23533063035889312  0.8354543550075109  3.0
17) 0.131072  0.140981106917139  0.9297132280074731  1.0
18) 0.0  0.08214588661112819  0.0  0.0
