1) 4.0, 1.2732395447351628
2) 4.0, 1.2732395447351628
3) 4.0, 1.2732395447351628
4) 4.0, 1.2732395447351628
5) 3.2, 1.0185916357881302
6) 3.3333333333333335, 1.061032953945969
7) 3.4285714285714284, 1.091348181201568
8) 3.5, 1.1140846016432675
9) 3.5555555555555554, 1.1317684842090334
10) 3.6, 1.1459155902616465
11) 3.6363636363636362, 1.1574904952137843
12) 3.3333333333333335, 1.061032953945969
13) 3.3846153846153846, 1.07735653785283
14) 3.4285714285714284, 1.091348181201568
15) 3.466666666666667, 1.1034742721038078
16) 3.25, 1.0345071300973196
17) 3.2941176470588234, 1.0485502133113105
18) 3.3333333333333335, 1.061032953945969
19) 3.3684210526315788, 1.0722017218822422
20) 3.4, 1.0822536130248883
21) 3.4285714285714284, 1.091348181201568
22) 3.4545454545454546, 1.099615970453095
23) 3.3043478260869565, 1.0518065804333954
24) 3.3333333333333335, 1.061032953945969
25) 3.2, 1.0185916357881302
26) 3.230769230769231, 1.0283857861322467
27) 3.259259259259259, 1.0374544438582807
28) 3.142857142857143, 1.0004024994347707
29) 3.1724137931034484, 1.0098106734106465
30) 3.2, 1.0185916357881302
31) 3.225806451612903, 1.026806084463841
32) 3.25, 1.0345071300973196
33) 3.272727272727273, 1.041741445692406
34) 3.2941176470588234, 1.0485502133113105
35) 3.3142857142857145, 1.0549699084948492
36) 3.2222222222222223, 1.0256651888144366
37) 3.135135135135135, 0.997944508035668
38) 3.0526315789473686, 0.9716828104557821
39) 2.9743589743589745, 0.9467678665979415
40) 3.0, 0.954929658551372
41) 2.926829268292683, 0.9316386912696313
42) 2.857142857142857, 0.9094568176679734
43) 2.7906976744186047, 0.8883066591175555
44) 2.8181818181818183, 0.8970551337906829
45) 2.8444444444444446, 0.9054147873672269
46) 2.869565217391304, 0.9134109777447906
47) 2.893617021276596, 0.9210669047020327
48) 2.9166666666666665, 0.9284038347027228
49) 2.938775510204082, 0.9354412981727727
50) 2.88, 0.9167324722093171
51) 2.9019607843137254, 0.9237228069647259
52) 2.923076923076923, 0.9304442826910804
53) 2.8679245283018866, 0.9128887301874751
54) 2.888888888888889, 0.9195618934198397
55) 2.909090909090909, 0.9259923961710275
56) 2.857142857142857, 0.9094568176679734
57) 2.8771929824561404, 0.9158389707744153
58) 2.896551724137931, 0.9220010496358075
59) 2.9152542372881354, 0.9279542444679999
60) 2.933333333333333, 0.9337089994724526
61) 2.9508196721311477, 0.9392750739849561
62) 2.967741935483871, 0.9446615977067336
63) 2.984126984126984, 0.9498771206754388
64) 3.0, 0.954929658551372
65) 2.953846153846154, 0.9402384330351972
66) 2.9696969696969697, 0.9452839044245905
67) 2.985074626865672, 0.9501787647277334
68) 2.9411764705882355, 0.9362055475993845
69) 2.9565217391304346, 0.9410900982825116
70) 2.9714285714285715, 0.9458350903746924
71) 2.9859154929577465, 0.9504464207177975
72) 2.9444444444444446, 0.937245775985606
73) 2.958904109589041, 0.9418484303520381
74) 2.972972972972973, 0.9463266886545127
75) 2.933333333333333, 0.9337089994724526
76) 2.9473684210526314, 0.938176506646962
77) 2.961038961038961, 0.9425279746740816
78) 2.9743589743589745, 0.9467678665979415
79) 2.9367088607594938, 0.9347834632232841
80) 2.9, 0.9230986699329929
81) 2.9135802469135803, 0.9274213967824025
82) 2.926829268292683, 0.9316386912696313
83) 2.9397590361445785, 0.935754364202951
84) 2.9523809523809526, 0.9397720449235726
85) 2.9176470588235293, 0.9287159032185892
86) 2.9302325581395348, 0.9327219920734331
87) 2.942528735632184, 0.936635986931614
88) 2.9545454545454546, 0.9404610273611997
89) 2.9213483146067416, 0.9298940495256807
90) 2.933333333333333, 0.9337089994724526
91) 2.9450549450549453, 0.9374401043654496
92) 2.9130434782608696, 0.9272505380136511
93) 2.924731182795699, 0.9309708499138825
94) 2.893617021276596, 0.9210669047020327
95) 2.863157894736842, 0.911371463599906
96) 2.875, 0.9151409227783982
97) 2.845360824742268, 0.9057064802755281
98) 2.857142857142857, 0.9094568176679734
99) 2.8686868686868685, 0.913131390668652
100) 2.84, 0.9040000767619655
1000) 3.06, 0.9740282517223995
10000) 3.144, 1.000766282161838
100000) 3.14064, 0.9996967609442603
1000000) 3.141224, 0.9998826539177916
